Taxa	phe1	phe2	phe3
Ind1	223.7585496	88.29164095	47.40538302
Ind2	240.0252496	NA	49.01718302
Ind3	NA	97.47484095	48.92828302
Ind4	228.8022496	89.71424095	48.54428302
Ind5	250.1101496	114.0018409	NA
Ind6	239.5447496	114.0825409	NA
Ind7	245.3553496	102.2214409	48.69398302
Ind8	231.3138496	107.1111409	48.92828302
Ind9	Na	95.01804095	49.04538302
Ind10	250.9436496	110.6104409	49.91778302
Ind11	186.6533496	82.30194095	49.82058302
Ind12	253.2671496	107.9221409	48.81118302
Ind13	174.2680496	77.45734095	49.34198302
Ind14	232.8769496	104.7971409	48.62408302
Ind15	246.0444496	107.0396409	48.81118302
Ind16	277.0735496	128.1966409	50.33398302
Ind17	244.8089496	105.1791409	48.69398302
Ind18	249.1218496	102.4669409	49.37088302
Ind19	251.9841496	Na	49.51398302
Ind20	231.4346496	117.9981409	49.46838302
Ind21	247.1373496	109.9973409	50.09968302
Ind22	233.5212496	97.90164095	47.10848302
Ind23	259.7057496	118.1309409	49.86538302
Ind24	224.3731496	86.16154095	47.74668302
Ind25	215.9981496	89.97264095	49.02288302
Ind26	227.4649496	93.92084095	51.27118302
Ind27	228.9149496	95.09174095	50.45868302
Ind28	245.3871496	94.58304095	49.26218302
Ind29	273.6552496	123.6670409	51.46248302
Ind30	263.7195496	109.9323409	50.78968302
Ind31	240.7527496	100.5822409	47.82638302
Ind32	243.9416496	103.0045409	48.38478302
Ind33	254.2939496	111.8256109	50.26188302
Ind34	285.3335496	130.2635409	52.21358302
Ind35	256.2626496	119.0240409	48.94318302
Ind36	237.5918496	101.6377409	51.40078302
Ind37	218.4144496	90.90044095	50.11428302
Ind38	216.8195496	89.34284095	50.13968302
Ind39	227.4205496	94.75334095	51.95008302
Ind40	237.4349496	100.9698409	47.90618302
Ind41	253.6519496	112.3750409	51.04668302
Ind42	248.7265496	96.53424095	50.83128302
Ind43	246.6732496	94.54684095	50.53368302
Ind44	248.0721496	120.8094409	51.55348302
Ind45	260.8429496	117.6839409	52.89818302
Ind46	235.5827496	101.7127409	47.42758302
Ind47	255.7014496	126.6571409	52.95368302
Ind48	231.3791496	96.44824095	48.70388302
Ind49	220.0245496	94.44574095	50.13968302
Ind50	225.4691496	95.28044095	55.37108302
Ind51	258.6457496	95.25454095	49.80828302
Ind52	273.2864496	118.4750409	52.37308302
Ind53	275.6944496	112.4972409	51.59078302
Ind54	249.5787496	108.5435409	49.50148302
Ind55	245.6488496	109.3994409	49.98008302
Ind56	264.5893496	123.4003409	52.69218302
Ind57	284.5041496	138.8788409	54.12798302
Ind58	253.4303496	117.2390409	50.04978302
Ind59	258.8878496	118.1682409	52.37308302
Ind60	251.4878496	122.0918409	53.72048302
Ind61	227.9623496	96.06194095	52.34998302
Ind62	229.8264496	105.1502409	55.63648302
Ind63	246.6682496	108.9876409	48.80308302
Ind64	265.8133496	118.2166409	52.45288302
Ind65	266.0710496	112.7261409	52.53268302
Ind66	263.7423496	113.1149409	53.71808302
Ind67	234.4242496	119.9335409	52.63458302
Ind68	266.4815496	123.4537409	53.07868302
Ind69	240.1084496	103.0207409	48.22528302
Ind70	258.4940496	122.6390409	53.37968302
Ind71	240.0279496	92.03964095	48.94318302
Ind72	226.3863496	94.21974095	52.29338302
Ind73	263.7285496	98.32414095	50.36608302
Ind74	278.1048496	125.3220409	53.04028302
Ind75	279.2455496	123.6587409	53.72918302
Ind76	247.1306496	105.6206409	49.98008302
Ind77	250.7442496	107.5441409	50.52658302
Ind78	274.5667496	123.4771409	53.10908302
Ind79	285.6878496	132.8150409	55.00538302
Ind80	267.7782496	120.0414409	50.37898302
Ind81	253.2991496	109.1249409	53.72918302
Ind82	246.1024496	106.4549409	53.04028302
Ind83	231.3952496	97.43334095	53.72918302
Ind84	224.5659496	99.85904095	56.14878302
Ind85	237.6765496	102.4716409	49.26218302
Ind86	259.2421496	109.3348409	53.41008302
Ind87	269.9904496	111.7218309	53.57468302
Ind88	252.1575496	97.77684095	55.32348302
Ind89	258.2758496	126.5009409	52.29338302
Ind90	264.2674496	121.8519409	53.37968302
Ind91	255.5525496	105.0157409	48.89808302
Ind92	264.2349496	119.8799409	54.44708302
Ind93	242.7176496	93.10544095	50.85758302
Ind94	228.4634496	94.87824095	53.30038302
Ind95	264.8285496	106.6293409	51.44678302
Ind96	265.3710496	98.17114095	51.78038302
Ind97	246.8407496	93.62224095	48.38478302
Ind98	247.8553496	92.39494095	49.34198302
Ind99	255.2866496	103.7957409	52.20828302
Ind100	290.3746496	125.4593409	52.21358302
Ind101	255.2054496	110.1624409	50.07468302
Ind102	257.4723496	98.15114095	51.51088302
Ind103	252.7193496	97.32024095	50.93728302
Ind104	229.2197496	83.21474095	49.94668302
Ind105	265.0563496	103.3437409	50.77778302
Ind106	245.1818496	93.76754095	47.98598302
Ind107	246.8628496	97.83964095	52.53908302
Ind108	264.7843496	93.65994095	51.81128302
Ind109	276.1605496	97.53084095	51.82678302
Ind110	264.2680496	119.5938409	52.74698302
Ind111	262.5297496	105.1621409	51.78038302
Ind112	233.5092496	76.34364095	47.71948302
Ind113	268.7686496	103.2753409	49.48638302
Ind114	235.3762496	71.39154095	49.47218302
Ind115	235.0846496	89.32704095	52.00018302
Ind116	282.5633496	125.5804409	52.13378302
Ind117	257.1645496	114.9223409	49.98008302
Ind118	259.7076496	110.7278409	51.78038302
Ind119	264.2144496	116.8275409	54.12798302
Ind120	293.9098496	146.1094409	55.08518302
Ind121	247.1651496	117.5778409	52.86698302
Ind122	273.2958496	120.7547409	53.61398302
Ind123	263.1469496	122.3167409	53.61378302
Ind124	256.9108496	110.9416409	53.96848302
Ind125	285.1886496	134.0423409	52.37308302
Ind126	255.7794496	114.0664409	50.77778302
Ind127	272.5118496	118.6080409	52.67688302
Ind128	275.2592496	116.7624409	55.10708302
Ind129	286.0477496	120.9349409	53.93128302
Ind130	253.3084496	129.6977409	55.29198302
Ind131	287.1213496	132.9926409	55.12378302
Ind132	242.7215496	101.5104409	50.85558302
Ind133	299.7965496	147.9625409	53.88868302
Ind134	249.9408496	99.90774095	51.73970302
Ind135	240.6209496	104.0169409	53.30088302
Ind136	264.6376496	113.0167409	48.78358302
Ind137	268.2983496	117.6348409	50.92888302
Ind138	272.7589496	124.8860409	53.72918302
Ind139	303.0511496	141.7333409	54.30738302
Ind140	266.2320496	121.0426409	50.29918302
Ind141	277.6833496	124.9668409	52.69218302
Ind142	259.1707496	119.8861409	53.13378302
Ind143	256.2229496	104.2885409	52.92198302
Ind144	283.7117496	125.3770409	52.59078302
Ind145	260.6791496	108.5819409	49.70068302
Ind146	277.5544496	118.5073409	52.93148302
Ind147	270.8640496	112.5444409	52.70788302
Ind148	281.5496496	125.4247409	54.34788302
Ind149	284.3833496	136.0609409	54.20778302
Ind150	279.8096496	126.6237409	54.42708302
Ind151	256.2162496	106.7789409	49.92578302
Ind152	287.3145496	134.3168409	53.41008302
Ind153	250.0055496	89.69214095	49.12748302
Ind154	240.1293496	100.4470409	53.04028302
Ind155	238.4737496	106.4119409	48.94318302
Ind156	250.8767496	113.8670409	49.59748302
Ind157	284.3594496	132.7672409	51.01038302
Ind158	249.4015496	115.7620409	47.66688302
Ind159	249.2082496	114.1471409	50.21938302
Ind160	235.5183496	111.8217709	51.17658302
Ind161	225.0012496	95.35014095	50.13968302
Ind162	239.3590496	103.0168409	49.32928302
Ind163	193.2889496	88.35774095	50.77778302
Ind164	241.5902496	106.4281409	49.42178302
Ind165	245.0982496	102.0807409	50.64148302
Ind166	263.7481496	102.2225409	50.93758302
Ind167	248.6928496	118.8545409	50.05988302
Ind168	252.5663496	113.7757409	49.82058302
Ind169	237.9825496	101.2120409	47.66688302
Ind170	274.1883496	126.2102409	49.50148302
Ind171	224.6469496	85.32174095	48.22528302
Ind172	217.7784496	88.83514095	49.22638302
Ind173	249.4820496	108.4790409	52.13378302
Ind174	283.6102496	131.9376409	53.01128302
Ind175	249.1196496	113.6627409	49.18248302
Ind176	267.2741496	119.2932409	50.92948302
Ind177	244.0957496	115.4467409	51.14998302
Ind178	229.8645496	97.28404095	51.15398302
Ind179	270.4175496	122.8586409	50.26728302
Ind180	244.8293496	108.5430409	49.04358302
Ind181	256.0596496	113.1063409	50.93608302
Ind182	260.8595496	108.0701409	51.30588302
Ind183	264.3343496	108.1472409	50.64148302
Ind184	242.2747496	118.3216409	51.09688302
Ind185	265.3462496	120.6497409	51.97428302
Ind186	236.2489496	97.77004095	48.47858302
Ind187	285.1725496	131.6039409	52.29338302
Ind188	230.1005496	89.96074095	49.80828302
Ind189	243.6110496	101.4542409	51.85598302
Ind190	285.6073496	143.4166409	54.40528302
Ind191	250.5128496	122.1407409	52.13378302
Ind192	261.5305496	121.8998409	53.33028302
Ind193	264.4595496	126.2706409	53.73378302
Ind194	241.1875496	101.7127409	52.77198302
Ind195	273.0931496	132.3036409	53.09098302
Ind196	245.7317496	111.5559409	49.88218302
Ind197	252.9018496	113.6896409	53.01128302
Ind198	262.4257496	114.0449409	53.80888302
Ind199	272.7711496	119.7840409	54.51388302
Ind200	253.4279496	127.3729409	53.88868302
Ind201	284.6678496	132.0668409	55.00538302
Ind202	241.8321496	112.2235409	50.48868302
Ind203	285.4409496	140.7117409	53.64938302
Ind204	246.6528496	102.6331409	52.05408302
Ind205	218.4901496	94.45424095	54.24798302
Ind206	269.4398496	143.3682409	53.80888302
Ind207	283.7833496	136.2055409	54.67378302
Ind208	275.5090496	135.9156409	54.36728302
Ind209	275.9864496	130.5118409	55.08738302
Ind210	302.8566496	148.3823409	54.60658302
Ind211	284.8181496	132.4343409	51.10638302
Ind212	287.2769496	141.7937409	54.37518302
Ind213	300.2475496	133.0519409	54.52678302
Ind214	302.9532496	135.6410409	53.64938302
Ind215	291.2443496	149.9649409	55.96258302
Ind216	297.4903496	142.3172409	56.07398302
Ind217	271.7601496	121.9747409	51.38008302
Ind218	306.1798496	149.7173409	54.04818302
Ind219	275.1728496	115.7934409	53.37968302
Ind220	266.5488496	128.6756409	54.84588302
Ind221	254.9271496	121.9685409	50.53848302
Ind222	252.1053496	125.1911409	51.97018302
Ind223	244.7147496	112.2416409	51.17658302
Ind224	242.9592496	116.3111409	52.61238302
Ind225	243.7000496	112.5646409	48.62408302
Ind226	257.1419496	125.4965409	52.49338302
Ind227	269.5603496	121.6422409	50.70908302
Ind228	271.5748496	119.6239409	52.47258302
Ind229	230.5295496	128.1803409	54.12798302
Ind230	272.5746496	127.3408409	54.20778302
Ind231	235.3934496	104.9626409	49.69508302
Ind232	291.8027496	144.6897409	52.45288302
Ind233	236.8121496	100.7061409	50.93728302
Ind234	242.4073496	111.3876409	50.99528302
Ind235	251.9462496	122.8028409	53.41008302
Ind236	234.0080496	101.0476409	52.82508302
Ind237	264.6698496	118.3781409	52.85168302
Ind238	243.3698496	107.3157409	50.00648302
Ind239	264.4496496	125.0163409	53.26258302
Ind240	261.2099496	114.4736409	52.25488302
Ind241	267.8174496	117.2407409	54.01558302
Ind242	251.4963496	122.2185409	53.22528302
Ind243	268.7365496	127.3891409	54.44708302
Ind244	243.2782496	99.39784095	49.15138302
Ind245	279.1972496	136.8199409	53.80888302
Ind246	225.9068496	85.00494095	50.99528302
Ind247	235.2305496	104.3917409	53.20398302
Ind248	228.5672496	105.6988409	53.17648302
Ind249	255.3606496	120.5743409	52.93148302
Ind250	245.5291496	113.9023409	50.57578302
Ind251	258.9361496	112.4623409	52.77198302
Ind252	248.8038496	110.3078409	53.57468302
Ind253	245.8743496	112.8068409	54.92568302
Ind254	245.7133496	123.6426409	54.60658302
Ind255	252.6065496	120.3159409	53.80888302
Ind256	247.1721496	107.8632409	50.09318302
Ind257	270.9410496	136.0780409	53.35428302
Ind258	234.3407496	101.3641409	50.73118302
Ind259	221.9250496	102.5524409	52.21358302
Ind260	222.0241496	92.84744095	53.12818302
Ind261	227.5887496	99.35654095	49.45318302
Ind262	251.2841496	104.7813409	53.61668302
Ind263	242.0734496	95.67304095	53.25058302
Ind264	257.7121496	100.8083409	53.01128302
Ind265	243.2356496	116.4170409	53.72158302
Ind266	244.1671496	106.9690409	54.44708302
Ind267	232.6911496	90.93124095	49.11488302
Ind268	250.3195496	110.2715409	54.36728302
Ind269	228.7216496	86.08074095	50.05988302
Ind270	203.3725496	78.48024095	54.15208302
Ind271	248.0393496	116.1192409	49.46638302
Ind272	269.6948496	125.8549409	53.17078302
Ind273	274.2262496	117.6255409	53.57688302
Ind274	262.0606496	109.5286409	54.60658302
Ind275	262.4472496	133.3964409	52.13378302
Ind276	275.7667496	130.0697409	53.09098302
Ind277	250.8270496	112.1557409	49.02898302
Ind278	266.8441496	128.9555409	54.68638302
Ind279	252.4402496	106.9118409	50.75588302
Ind280	233.9098496	106.4765409	52.25208302
Ind281	246.4922496	111.5115409	50.11428302
Ind282	246.4863496	106.7833409	50.13968302
Ind283	266.4052496	106.4997409	49.65528302
Ind284	244.9402496	122.3991409	49.74078302
Ind285	249.0472496	114.2117409	50.13968302
Ind286	236.0716496	97.83514095	47.74118302
Ind287	273.4592496	126.1359409	49.86748302
Ind288	228.8183496	86.19384095	47.02878302
Ind289	215.3538496	91.76514095	49.26218302
Ind290	254.9741496	101.1313409	54.28748302
Ind291	273.1092496	111.8217709	53.48988302
Ind292	256.1862496	125.7140409	54.51428302
Ind293	267.3315496	118.5409409	54.35078302
Ind294	246.8934496	105.7139409	48.87588302
Ind295	292.3878496	134.4299409	54.36728302
Ind296	251.6551496	105.4712409	51.65344302
Ind297	245.1979496	101.0344409	53.48988302
Ind298	286.2877496	111.1745409	53.35428302
Ind299	255.7472496	122.5606409	54.44708302
Ind300	262.7002496	112.8832409	53.09368302
Ind301	247.2034496	96.61414095	49.07418302
Ind302	285.9256496	125.0858409	52.25208302
Ind303	249.5181496	96.37144095	50.35318302
Ind304	239.5513496	92.06754095	52.52028302
Ind305	273.7472496	117.2384409	52.90458302
Ind306	272.5455496	114.2763409	54.84588302
Ind307	250.5951496	86.90374095	50.12008302
Ind308	290.3102496	127.7605409	55.24468302
Ind309	251.2713496	90.98694095	50.68538302
Ind310	250.5503496	101.3488409	53.29888302
Ind311	272.6583496	137.7888409	55.40428302
Ind312	245.5605496	118.4607409	50.84008302
Ind313	276.9424496	144.7812409	54.04818302
Ind314	233.7584496	103.6194409	52.65668302
Ind315	241.3779496	107.5557409	53.92588302
Ind316	259.6931496	111.8217709	50.13968302
Ind317	284.9723496	137.5386409	54.82738302
Ind318	260.6394496	105.4339409	52.52398302
Ind319	246.4819496	110.9228409	54.94728302
Ind320	271.5631496	121.3656409	50.21938302
Ind321	233.8867496	84.11234095	48.07898302
Ind322	234.6969496	96.62584095	48.94318302
Ind323	266.6572496	112.9233409	50.83128302
Ind324	255.6666496	115.4713409	53.96848302
Ind325	222.7911496	85.94754095	50.14008302
Ind326	311.1920319	167.4469151	59.45808461
Ind327	280.8987319	142.8296151	55.09698461
Ind328	296.7896319	148.8878151	59.05468461
Ind329	288.4614319	135.4046151	57.85138461
Ind330	304.9966319	151.4478151	59.22848461
Ind331	294.3079319	167.0005151	61.94318461
Ind332	294.6155319	152.1558151	60.10168461
Ind333	283.7712319	134.8079151	55.53968461
Ind334	313.6174319	184.1392151	59.15778461
Ind335	289.2732319	142.6086151	57.62178461
Ind336	282.7127319	148.2560151	58.46938461
Ind337	303.4158319	160.0661151	60.37618461
Ind338	267.5138319	139.7268151	61.74978461
Ind339	303.9712319	151.8014151	57.62178461
Ind340	275.6434319	125.1952151	54.17888461
Ind341	293.6313319	128.9961151	57.62178461
Ind342	280.0015319	129.0845151	57.39230461
Ind343	284.4505319	141.5755151	59.46238461
Ind344	291.2097319	152.3517151	58.87398461
Ind345	291.4523319	144.4206151	58.08088461
Ind346	290.7093319	139.5913151	56.71428461
Ind347	313.7928319	165.9392151	58.64098461
Ind348	280.9842319	127.7586151	57.62178461
Ind349	281.3862319	134.9317151	58.18648461
Ind350	292.9477319	149.0171151	58.99898461
Ind351	278.8767319	138.6625151	60.50418461
Ind352	289.3841319	141.0705151	52.80448461
Ind353	263.8339319	130.9629151	50.21478461
Ind354	270.8839319	128.9670151	53.29008461
Ind355	269.7956319	123.1547151	52.56168461
Ind356	288.6586319	128.5252151	54.42298461
Ind357	258.5504319	137.9728151	54.58488461
Ind358	272.9903319	129.3928151	54.62708461
Ind359	252.1514319	111.2291151	51.15688461
Ind360	291.4675319	152.0472151	54.52268461
Ind361	261.6551319	109.5086151	53.05028461
Ind362	250.3814319	109.2163151	55.95938461
Ind363	280.1333319	129.2780151	55.16868461
Ind364	259.7648319	128.6476151	56.93178461
Ind365	294.1440319	128.7751151	56.47418461
Ind366	260.3002319	119.9024151	54.87528461
Ind367	274.3798319	119.8571151	57.16428461
Ind368	280.8811319	115.5457151	57.02038461
Ind369	285.3996319	118.5705151	57.43981461
Ind370	262.6284319	128.6069151	57.85798461
Ind371	276.7126319	125.2086151	57.38575461
Ind372	246.2602319	107.6222151	53.32718461
Ind373	299.8579319	144.7324151	57.26038461
Ind374	274.1796319	119.5814151	54.68148461
Ind375	254.6348319	108.4985151	54.47278461
Ind376	272.1954319	128.1201151	57.97768461
Ind377	258.4499319	120.3650151	59.14458461
Ind378	297.6904319	137.8796151	54.86748461
Ind379	264.2930319	119.6512151	53.07148461
Ind380	272.4453319	126.4600151	55.96068461
Ind381	277.3952319	123.8693151	55.32658461
Ind382	297.6049319	126.2559151	56.70368461
Ind383	267.0116319	133.4924151	57.49903461
Ind384	275.4842319	128.1964151	56.78108461
Ind385	241.7630319	107.1241151	53.47118461
Ind386	300.1111319	146.2466151	56.30238461
Ind387	273.8377319	121.4481151	56.86108461
Ind388	255.5151319	111.9095151	54.02878461
Ind389	289.1130319	134.4986151	56.01518461
Ind390	265.4802319	126.4021151	58.68588461
Ind391	277.7797319	128.6425151	55.78558461
Ind392	255.0772319	112.9528151	52.94808461
Ind393	277.5635319	127.3460151	57.97768461
Ind394	272.2679319	122.4992151	58.53998461
Ind395	283.5478319	125.7256151	57.85138461
Ind396	273.9848319	141.9535151	59.53328461
Ind397	253.6769319	124.4162151	59.03588461
Ind398	269.9487319	125.7557151	54.72058461
Ind399	297.6069319	155.2982151	57.14368461
Ind400	260.1122319	108.5995151	56.93328461
Ind401	246.5345319	113.9752151	56.70828461
Ind402	255.1062319	119.3539151	58.92958461
Ind403	237.4602319	109.9076151	59.51788461
Ind404	279.7879319	135.0068151	54.63798461
Ind405	264.1002319	131.4568151	52.02608461
Ind406	288.7259319	135.4991151	55.16848461
Ind407	279.4347319	133.2865151	54.87048461
Ind408	294.0602319	135.5833151	55.19968461
Ind409	267.6534319	139.2497151	56.47418461
Ind410	278.4206319	135.5372151	56.70368461
Ind411	268.5361319	130.8776151	52.02608461
Ind412	301.2421319	156.3606151	55.01298461
Ind413	263.0088319	124.6517151	52.58618461
Ind414	273.0131319	135.8810151	54.42298461
Ind415	292.4568319	141.7674151	57.65658461
Ind416	266.7326319	137.0702151	59.02178461
Ind417	294.1868319	135.4488151	58.31038461
Ind418	270.8050319	125.0868151	55.96068461
Ind419	280.8201319	134.5237151	58.71218461
Ind420	289.2732319	131.2059151	58.53998461
Ind421	288.3759319	132.7970151	58.76948461
Ind422	277.9023319	143.2022151	61.22088461
Ind423	286.0785319	137.2922151	59.46658461
Ind424	281.5052319	129.8907151	57.13128461
Ind425	311.2533319	161.9525151	58.81218461
Ind426	264.6941319	126.6968151	58.42598461
Ind427	284.8189319	144.7742151	59.68758461
Ind428	255.5475319	126.2854151	62.21238461
Ind429	280.0946319	130.8991151	58.95498461
Ind430	260.6035319	117.4609151	55.78558461
Ind431	281.5456319	134.3321151	59.44048461
Ind432	274.5232319	124.4609151	58.52318461
Ind433	297.6476319	132.8412151	59.22848461
Ind434	285.6407319	149.6789151	60.18448461
Ind435	280.1340319	132.2883151	59.76418461
Ind436	258.8311319	110.7760151	55.75968461
Ind437	307.0643319	156.4953151	60.16888461
Ind438	272.5243319	113.0854151	56.47418461
Ind439	258.1788319	123.0834151	58.95948461
Ind440	287.4359319	145.7576151	60.37618461
Ind441	265.9412319	132.4802151	62.22878461
Ind442	278.5488119	143.8461151	55.55608461
Ind443	248.5984319	120.1847151	52.23798461
Ind444	275.0161319	132.9469151	56.36528461
Ind445	271.0837319	129.9304151	54.98948461
Ind446	277.2399319	133.3741151	56.85088461
Ind447	273.0709319	145.7278151	56.93178461
Ind448	277.6342319	139.5376151	56.76988461
Ind449	256.9668319	123.4579151	53.20188461
Ind450	286.3652319	145.4877151	57.07618461
Ind451	256.1778319	125.7837151	54.14128461
Ind452	250.6330319	121.0470151	55.39418461
Ind453	273.4862319	136.2403151	55.71788461
Ind454	255.3960319	124.2884151	58.30748461
Ind455	293.7595319	153.2599151	58.99898461
Ind456	272.6525319	131.2059151	56.70368461
Ind457	283.9395319	139.8075151	59.18948461
Ind458	284.2314319	125.7698151	58.31038461
Ind459	288.0768319	139.2497151	58.53998461
Ind460	291.4818319	150.8667151	61.46368461
Ind461	282.5077319	139.6015151	59.35958461
Ind462	272.2087319	125.2944151	55.63688461
Ind463	309.3747319	159.4154151	59.05468461
Ind464	271.2425319	125.2394151	57.85138461
Ind465	260.6126319	120.5333151	58.59978461
Ind466	287.9454319	142.0213151	59.71078461
Ind467	265.8764319	129.7095151	61.00728461
Ind468	267.9525319	141.1943151	53.26078461
Ind469	268.1488319	139.1306151	57.25318461
Ind470	260.6463319	128.7751151	56.47418461
Ind471	268.8071319	135.1836051	55.78558461
Ind472	250.1230319	142.4500151	57.74198461
Ind473	271.3493319	142.3876151	57.39230461
Ind474	256.6454319	118.5071151	52.58618461
Ind475	281.0104319	158.2492151	57.25378461
Ind476	249.3664319	115.3836151	54.63798461
Ind477	253.4246319	129.3502151	55.23228461
Ind478	266.7847319	140.1925151	58.31038461
Ind479	278.4760419	135.1821651	56.31258461
Ind480	259.9439319	121.5598151	53.70988461
Ind481	286.2004319	138.4805151	58.37578461
Ind482	270.4423319	124.9910151	57.41732461
Ind483	280.5412319	122.8780151	56.87978461
Ind484	274.1637319	144.7672151	57.58018461
Ind485	270.8997319	134.8112151	58.87398461
Ind486	273.2391319	125.0519151	53.62008461
Ind487	295.2985319	159.1619151	57.41732461
Ind488	262.2271319	120.6872151	54.17888461
Ind489	254.3805319	119.9466151	56.06508461
Ind490	249.1031319	120.2486151	58.95498461
Ind491	294.4431319	158.3425151	57.39230461
Ind492	276.4124319	137.3934151	55.32658461
Ind493	260.0928319	120.6924151	58.90648461
Ind494	279.9734319	133.3722151	57.65658461
Ind495	289.3586319	134.2997151	58.53998461
Ind496	290.3861319	158.4361151	58.75038461
Ind497	284.9328319	145.2521151	58.64318461
Ind498	271.0319319	120.2963151	55.82378461
Ind499	308.6375319	163.4932151	57.66008461
Ind500	263.5196319	123.7257151	55.78558461
Ind501	266.2785319	132.4160151	57.57918461
Ind502	306.9621319	163.1157151	59.45808461
Ind503	255.2390319	137.1068151	59.53878461
Ind504	291.7513319	142.1666151	56.70368461
Ind505	266.9471319	121.5364151	55.38228461
Ind506	287.9487319	135.2720021	57.85138461
Ind507	274.9170319	126.6095151	56.93328461
Ind508	287.3291319	132.9231151	58.07968461
Ind509	280.0315319	147.1595151	58.87398461
Ind510	287.5164319	143.5331151	60.25128461
Ind511	279.6372319	126.0968151	55.31318461
Ind512	305.0452319	147.8478151	57.69258461
Ind513	268.1647319	109.0568151	57.53596461
Ind514	259.6692319	120.6815151	57.34758461
Ind515	277.6629319	147.7834151	59.35828461
Ind516	253.5033319	125.9910151	59.11988461
Ind517	285.9405319	130.4104151	57.39230461
Ind518	294.6140319	141.5037151	60.14658461
Ind519	281.7106319	132.3108151	59.45808461
Ind520	302.3903319	140.5314151	61.29428461
Ind521	288.9425319	154.6271151	60.49258461
Ind522	283.6905319	143.1463151	59.92608461
Ind523	276.7654319	125.7195151	56.69308461
Ind524	310.5939319	165.1208151	59.62978461
Ind525	275.8997319	128.5541151	58.08088461
Ind526	264.9222319	126.0768151	58.71218461
Ind527	285.3851319	149.8568151	60.14658461
Ind528	257.8919319	130.6077151	62.19198461
Ind529	278.2924319	128.4216151	55.32658461
Ind530	266.1688319	123.2528151	54.43848461
Ind531	286.5452319	135.1305151	58.79308461
Ind532	274.9726319	119.0144151	57.32258461
Ind533	287.6418319	123.9570151	57.34758461
Ind534	271.8302319	138.8191151	59.95068461
Ind535	277.2294319	132.9589151	58.30748461
Ind536	262.9665319	114.4204151	55.07048461
Ind537	302.0889319	151.5103151	57.99388461
Ind538	266.1153319	119.8917151	57.39230461
Ind539	264.5223319	115.8661151	56.64078461
Ind540	277.3331319	130.3253151	57.14008461
Ind541	277.1027319	136.6125151	59.41368461
Ind542	307.0766319	142.8997151	56.78108461
Ind543	267.8751319	118.4407151	54.75308461
Ind544	296.6399319	134.9000151	57.73838461
Ind545	280.7872319	121.3683151	57.44198461
Ind546	290.2120319	127.0410151	58.33668461
Ind547	299.9690319	151.7440151	60.01198461
Ind548	291.5252319	141.2576151	59.17428461
Ind549	282.2776319	122.4517151	54.27368461
Ind550	322.8583319	154.9815151	57.97768461
Ind551	282.9065319	126.2951151	56.63598461
Ind552	271.9097319	125.2229151	57.86848461
Ind553	287.6516319	137.6196151	56.45508461
Ind554	266.2974319	120.1438151	59.77268461
Ind555	290.6958319	148.2720151	56.66138461
Ind556	273.4766319	125.4549151	54.54548461
Ind557	277.5907319	131.9397151	57.94378461
Ind558	274.9170319	123.6042151	57.16278461
Ind559	286.3678319	135.2278051	56.70368461
Ind560	285.9751319	151.6068151	59.16708461
Ind561	282.0331319	133.5628151	57.85798461
Ind562	262.8700319	116.1844151	55.07788461
Ind563	314.7947319	165.1395151	58.33668461
Ind564	280.7965319	131.3029151	55.38638461
Ind565	255.5639319	120.7756151	56.10348461
Ind566	280.9842319	147.5144151	58.53998461
Ind567	270.1910319	128.3782151	59.41368461
Ind568	293.2468319	163.4693151	58.76948461
Ind569	263.6371319	135.0510151	56.01518461
Ind570	293.3683319	156.7409151	61.44788461
Ind571	283.2060319	144.9510151	59.68758461
Ind572	283.2701319	153.2157151	59.45808461
Ind573	305.2389319	179.6551151	63.36248461
Ind574	281.9785319	149.4034151	60.49058461
Ind575	291.7676319	150.5988151	58.33668461
Ind576	304.0026319	170.7298151	60.71258461
Ind577	280.5287319	140.8994151	60.23278461
Ind578	274.3887319	135.4969151	58.08308461
Ind579	284.0943319	153.0851151	61.52378461
Ind580	260.0423319	144.4012151	62.76418461
Ind581	307.6295319	168.6116151	59.89228461
Ind582	283.6759319	144.8863151	57.54656461
Ind583	278.4934319	135.2627151	59.46238461
Ind584	321.0833319	167.6237151	62.21238461
Ind585	300.6522319	170.0775151	62.56338461
Ind586	281.3207319	152.6662151	57.41663461
Ind587	279.8416319	146.4803151	60.17078461
Ind588	274.5010319	157.4685151	64.03448461
Ind589	261.8028837	125.6170776	58.53333333
Ind590	252.2631837	121.8532776	58.49863333
Ind591	238.2636837	114.9419776	58.53333333
Ind592	237.5510837	110.1220776	56.10953333
Ind593	252.7330837	124.7289776	54.67603333
Ind594	238.3735837	120.1876776	56.58733333
Ind595	263.6075837	135.3286776	56.10953333
Ind596	227.1306837	109.0879776	55.63163333
Ind597	250.6426837	122.5960776	56.10953333
Ind598	241.9188837	115.4718776	58.53333333
Ind599	260.0179837	126.7110776	58.02083333
Ind600	235.6507837	107.6229776	54.19823333
Ind601	246.9266837	112.3894776	53.72033333
Ind602	256.0482837	118.1364776	55.15383333
Ind603	248.4888837	130.2873776	56.58733333
Ind604	268.3374837	131.5368776	55.63163333
Ind605	254.1900837	115.0341776	66.14383333
Ind606	250.7271837	114.9048776	58.49863333
Ind607	239.6204837	102.6677776	61.84343333
Ind608	266.6904837	126.2370776	59.93213333
Ind609	244.6353837	120.2046776	58.49863333
Ind610	271.3780837	129.6410776	65.66603333
Ind611	245.2371837	104.9083776	59.93213333
Ind612	249.1223837	105.8132776	62.32123333
Ind613	259.6378837	118.2657776	60.40993333
Ind614	255.4569837	113.5260776	66.62173333
Ind615	256.1738837	112.0649776	58.53333333
Ind616	267.7884837	117.1023776	58.02083333
Ind617	262.5940837	120.8510776	60.88773333
Ind618	244.8992837	111.9317776	62.79903333
Ind619	274.3341837	136.7505776	59.93213333
Ind620	233.8347837	101.2458776	58.02083333
Ind621	233.0323837	100.1255776	61.84343333
Ind622	250.7271837	110.9407776	60.40993333
Ind623	247.9132937	120.9230776	58.53333333
Ind624	245.3215837	108.8294776	65.66603333
Ind625	239.0714837	105.9855776	60.88773333
Ind626	252.3741837	113.6552776	61.84343333
Ind627	243.8012837	104.9730776	59.93213333
Ind628	255.4569837	111.5008776	65.66603333
Ind629	257.3996837	111.0269776	61.84343333
Ind630	242.7454837	103.6157776	56.10953333
Ind631	261.6226837	122.9623776	62.79903333
Ind632	252.5775837	117.2373776	62.68183333
Ind633	265.3485837	124.9574776	59.45433333
Ind634	224.9957837	102.4713776	56.10953333
Ind635	235.9040837	110.7252776	56.10953333
Ind636	233.0746837	117.6624776	55.15383333
Ind637	232.6100837	111.9317776	56.58733333
Ind638	217.3647837	103.7450776	55.63163333
Ind639	228.2602837	113.0520776	56.10953333
Ind640	214.3241837	103.7880776	55.63163333
Ind641	246.1239837	114.7755776	57.54293333
Ind642	230.8786837	104.0897776	54.67603333
Ind643	237.0020837	101.9352776	54.67603333
Ind644	236.6220837	112.7181776	58.97643333
Ind645	234.3837837	117.0161776	57.06513333
Ind646	262.9740837	127.1418776	56.10953333
Ind647	234.0036837	103.6588776	56.10953333
Ind648	233.4546837	107.9676776	56.10953333
Ind649	233.9192837	106.4164776	60.88773333
Ind650	226.9511837	93.8778776	56.10953333
Ind651	233.5813837	105.2961776	57.54293333
Ind652	236.3263837	102.8401776	56.58733333
Ind653	232.6100837	97.2386776	62.32123333
Ind654	234.0036837	98.3589776	58.02083333
Ind655	239.5359837	101.9783776	56.10953333
Ind656	236.9176837	99.0052776	56.58733333
Ind657	216.9544837	103.3042776	58.49863333
Ind658	265.1700837	127.0126776	57.06513333
Ind659	245.1632837	119.6876776	56.58733333
Ind660	255.5836837	124.8582776	59.45433333
Ind661	252.4163837	112.1902776	56.10953333
Ind662	250.4315837	119.9677776	57.06513333
Ind663	227.9646837	108.3123776	56.10953333
Ind664	258.3709837	121.0233776	61.36563333
Ind665	246.9263837	114.9048776	57.54293333
Ind666	249.8297837	110.3805776	56.10953333
Ind667	249.4121837	116.9321776	58.02083333
Ind668	254.4012837	129.0377776	59.93213333
Ind669	275.1806837	140.3806776	58.53333333
Ind670	257.8219837	134.2083776	59.45433333
Ind671	226.6132837	106.9335776	57.54293333
Ind672	233.1832837	120.0362776	57.06513333
Ind673	237.5088837	117.6624776	56.10953333
Ind674	253.6832837	131.1167776	59.45433333
Ind675	233.6218837	112.6923776	54.67603333
Ind676	255.0346837	124.9443776	55.15383333
Ind677	258.5131837	119.9388776	58.53333333
Ind678	245.4574837	130.3632776	57.19143333
Ind679	258.8776837	128.5207776	56.58733333
Ind680	247.3064837	118.2657776	59.45433333
Ind681	251.1494837	118.4380776	63.27693333
Ind682	246.7151837	115.7235776	61.36563333
Ind683	275.2210837	141.2748776	66.62173333
Ind684	263.6920837	127.0988776	62.32123333
Ind685	249.0801837	108.9155776	56.10953333
Ind686	267.9151837	137.7415776	62.32123333
Ind687	250.5582837	123.0054776	59.93213333
Ind688	256.8506837	132.8726776	59.93213333
Ind689	224.2483837	109.3033776	61.36563333
Ind690	231.1742837	101.4613776	57.06513333
Ind691	248.7000837	107.2351776	62.32123333
Ind692	225.1774837	100.7288776	56.10953333
Ind693	229.9495837	98.7898776	55.15383333
Ind694	239.4092837	105.8994776	57.54293333
Ind695	232.8212837	116.6283776	58.97643333
Ind696	257.7796837	123.4255776	55.63163333
Ind697	244.7725837	114.8402776	58.49863333
Ind698	260.2713837	122.1005776	61.84343333
Ind699	244.4347837	115.2064776	57.06513333
Ind700	250.3892837	111.9317776	54.19823333
Ind701	264.5788837	125.5045776	59.45433333
Ind702	244.0124837	124.2549776	60.40993333
Ind703	266.1414837	133.6589776	56.10953333
Ind704	259.8067837	117.6624776	61.84343333
Ind705	233.3585837	107.5713776	56.27633333
Ind706	241.4363837	109.3464776	55.15383333
Ind707	246.9157837	109.7773776	57.06513333
Ind708	230.1606837	110.2944776	61.36563333
Ind709	254.6546837	117.8348776	57.06513333
Ind710	262.6784837	118.5673776	61.84343333
Ind711	269.5621837	122.0574776	58.49863333
Ind712	271.5047837	127.9174776	61.36563333
Ind713	253.8522837	125.3752776	64.71033333
Ind714	279.6552837	141.1024776	62.32123333
Ind715	239.9160837	103.1848776	55.15383333
Ind716	251.5295837	111.8886776	57.06513333
Ind717	240.0849837	118.7396776	57.06513333
Ind718	264.3677837	126.1077776	58.02083333
Ind719	257.5263837	116.4560776	56.10953333
Ind720	245.4482837	112.2980776	56.58733333
Ind721	262.7207837	126.1508776	56.10953333
Ind722	252.7119837	124.1257776	59.93213333
Ind723	276.2768837	128.5207776	56.58733333
Ind724	257.5685837	132.0108776	58.02083333